#---Header
EC or Barrel: EC
Module type: R2
Module ref. Number: 20USEM20000023
Date: 2022-06-20T17:16:56.707198Z
Institute: SFU
Operator: AR
Instrument Type: Smartscope Flash 302
Run Number: 2
Measurement program version: v1
#---Positions
#Location	X[mm]	Y[mm]
H_R2H0_P1	4.2081	23.2149
H_R2H0_P2	124.2145	25.8713
PB_P1	81.8945	10.5122
PB_P2	122.3798	1.0970
#---Glue heights:
#Location	Type	X[mm]	Y[mm]	Z[mm]
Sensor	1	9.0998	28.8753	-0.0023
Sensor	1	19.1301	28.0576	0.0015
Sensor	1	29.1671	27.4042	0.0011
Sensor	1	39.2143	26.9166	0.0029
Sensor	1	49.2694	26.5942	-0.0013
Sensor	1	59.3301	26.4378	0.0004
Sensor	1	69.3884	26.4489	-0.0034
Sensor	1	79.4456	26.6222	-0.0023
Sensor	1	89.4984	26.9628	0.0033
Sensor	1	99.5478	27.4707	0.0004
Sensor	1	109.5841	28.1421	0.0002
Sensor	1	119.6085	28.9799	-0.0004
ABC_R2H0_0	2	120.0110	24.1927	0.3762
ABC_R2H0_0_A	2	124.2158	25.8591	0.3667
ABC_R2H0_0_B	2	124.5091	23.3268	0.3789
ABC_R2H0_0_C	2	115.7298	22.5372	0.3850
ABC_R2H0_0_D	2	115.5891	25.0477	0.3742
ABC_R2H0_1	2	109.9277	23.3330	0.3859
ABC_R2H0_10	2	18.8325	23.2490	0.3941
ABC_R2H0_10_A	2	23.2510	24.1993	0.3916
ABC_R2H0_10_B	2	23.1509	21.6369	0.4003
ABC_R2H0_10_C	2	14.3390	22.3165	0.3977
ABC_R2H0_10_D	2	14.5891	24.8431	0.3867
ABC_R2H0_11	2	8.7136	24.0723	0.4070
ABC_R2H0_11_A	2	13.1499	24.9600	0.3957
ABC_R2H0_11_B	2	12.9964	22.3669	0.4007
ABC_R2H0_11_C	2	4.1985	23.2082	0.4243
ABC_R2H0_11_D	2	4.5097	25.7541	0.4073
ABC_R2H0_1_A	2	114.1507	24.9359	0.3797
ABC_R2H0_1_B	2	114.4126	22.3777	0.3869
ABC_R2H0_1_C	2	105.6156	21.7457	0.3972
ABC_R2H0_1_D	2	105.5320	24.2728	0.3796
ABC_R2H0_2	2	99.8318	22.6586	0.3878
ABC_R2H0_2_A	2	104.0793	24.1910	0.3828
ABC_R2H0_2_B	2	104.2973	21.6147	0.3929
ABC_R2H0_2_C	2	95.4887	21.1289	0.3912
ABC_R2H0_2_D	2	95.4619	23.6999	0.3843
ABC_R2H0_3	2	89.7309	22.1641	0.3914
ABC_R2H0_3_A	2	93.9949	23.6119	0.3877
ABC_R2H0_3_B	2	94.1917	21.0722	0.3952
ABC_R2H0_3_C	2	85.3660	20.7008	0.3962
ABC_R2H0_3_D	2	85.3708	23.2717	0.3864
ABC_R2H0_4	2	79.6072	21.8117	0.3859
ABC_R2H0_4_A	2	83.9110	23.2062	0.3847
ABC_R2H0_4_B	2	84.0388	20.6059	0.3864
ABC_R2H0_4_C	2	75.2161	20.4343	0.3917
ABC_R2H0_4_D	2	75.2628	23.0006	0.3806
ABC_R2H0_5	2	69.4771	21.6252	0.3885
ABC_R2H0_5_A	2	73.7921	22.9454	0.3735
ABC_R2H0_5_B	2	73.9015	20.3660	0.3962
ABC_R2H0_5_C	2	65.0687	20.3234	0.3961
ABC_R2H0_5_D	2	65.1463	22.8661	0.3880
ABC_R2H0_6	2	59.3537	21.6279	0.3923
ABC_R2H0_6_A	2	63.6950	22.8752	0.3899
ABC_R2H0_6_B	2	63.7540	20.2990	0.3943
ABC_R2H0_6_C	2	54.9231	20.3953	0.4032
ABC_R2H0_6_D	2	55.0426	22.9423	0.3818
ABC_R2H0_7	2	49.2167	21.7726	0.3859
ABC_R2H0_7_A	2	53.5728	22.9525	0.3840
ABC_R2H0_7_B	2	53.5901	20.3561	0.3885
ABC_R2H0_7_C	2	44.7632	20.6210	0.3911
ABC_R2H0_7_D	2	44.9407	23.1607	0.3799
ABC_R2H0_8	2	39.0872	22.0963	0.3935
ABC_R2H0_8_A	2	43.4669	23.1969	0.3919
ABC_R2H0_8_B	2	43.4385	20.6213	0.3944
ABC_R2H0_8_C	2	34.6204	21.0184	0.3968
ABC_R2H0_8_D	2	34.8231	23.5485	0.3909
ABC_R2H0_9	2	28.9624	22.5872	0.3952
ABC_R2H0_9_A	2	33.3653	23.6168	0.3938
ABC_R2H0_9_B	2	33.2800	21.0528	0.3947
ABC_R2H0_9_C	2	24.4769	21.5742	0.4028
ABC_R2H0_9_D	2	24.7274	24.1051	0.3893
HCC_R2H0_2	2	22.6182	7.0091	0.4330
HCC_R2H0_2_A	2	25.4055	9.4217	0.4154
HCC_R2H0_2_B	2	25.7049	4.8016	0.4368
HCC_R2H0_2_C	2	19.7324	4.6668	0.4531
HCC_R2H0_2_D	2	19.6303	9.1464	0.4266
HCC_R2H0_3	2	12.2340	11.6100	0.4317
HCC_R2H0_3_A	2	15.0307	14.0140	0.4174
HCC_R2H0_3_B	2	15.3194	9.4059	0.4423
HCC_R2H0_3_C	2	9.3349	9.2737	0.4375
HCC_R2H0_3_D	2	9.2512	13.7462	0.4294
H_R2H0_0	2	2.9018	10.6266	0.4237
H_R2H0_0_A	2	2.6218	8.2606	0.4374
H_R2H0_0_B	2	2.8614	9.7594	0.4285
H_R2H0_0_C	2	2.9379	10.9989	0.4183
H_R2H0_0_D	2	3.1862	13.4873	0.4105
H_R2H0_1	2	87.5244	12.8027	0.4569
H_R2H0_1_A	2	83.9054	12.6407	0.4581
H_R2H0_1_B	2	87.1434	12.7896	0.4625
H_R2H0_1_C	2	87.9196	12.8171	0.4553
H_R2H0_1_D	2	91.1292	12.9633	0.4516
H_R2H0_2	2	117.8085	16.3682	0.4170
H_R2H0_2_A	2	115.0200	15.9717	0.4214
H_R2H0_2_B	2	115.6261	16.7312	0.4064
H_R2H0_2_C	2	119.9915	16.0021	0.4235
H_R2H0_2_D	2	120.5965	16.7678	0.4166
PB_1	2	123.4541	6.6619	0.4290
PB_1_A	2	123.6115	1.4383	0.5410
PB_1_B	2	123.4795	5.3786	0.4631
PB_1_C	2	123.2785	7.1068	0.4270
PB_1_D	2	123.4472	12.7239	0.2849
PB_2	2	109.6839	11.8338	0.2936
PB_3	2	87.1213	10.4375	0.4930
PB_3_A	2	83.2294	10.1733	0.4997
PB_3_B	2	86.7404	10.4597	0.5095
PB_3_C	2	87.6956	10.4962	0.5006
PB_3_D	2	90.8197	10.6206	0.4621
PB_4	2	85.8871	1.3918	0.5877
PB_4_A	2	86.9895	3.9622	0.5498
PB_4_B	2	87.4239	-1.0079	0.5935
PB_4_C	2	84.6771	-1.1845	0.6068
PB_4_D	2	84.4578	3.7973	0.6007
PB_5	2	60.3069	2.8953	0.5586
#---Other heights:
#Location	Type	X[mm]	Y[mm]	Z[mm]
C1	4	118.1214	5.7918	2.9264
C2	4	117.8925	9.2646	2.8606
C3	4	104.0160	10.0213	2.9134
C4	4	104.5027	1.4931	3.0158
Shield	4	70.0230	2.2321	5.6238
Shield_A	4	63.1815	-1.4125	5.7011
Shield_B	4	68.5533	-0.9451	5.6537
Shield_C	4	76.5736	-0.8274	5.7375
Shield_D	4	63.1022	5.5528	5.6223
Shield_E	4	72.1150	5.7345	5.4533
Shield_F	4	76.6123	5.2903	5.5748
